Advanced DL Experiment Results
============================================================
         Case                   Model  Accuracy  Sensitivity  Specificity  TP   TN  FP  FN  Params     Size_KB    FLOPs  Latency_ms
  3axis_no_HR                CNN_Only  0.853860     0.851100     0.855335 503  946 160  88  226241  883.753906 26004769  168.215599
  3axis_no_HR               LSTM_Only  0.838539     0.807107     0.855335 477  946 160 114  146113  570.753906   429601  202.810388
  3axis_no_HR CNN_LSTM_Unidirectional  0.863288     0.878173     0.855335 519  946 160  72  323009 1261.753906 26363809  100.649273
  3axis_no_HR             Transformer  0.774897     0.620981     0.857143 367  948 158 224    5235   20.449219 18246113  402.791216
  3axis_no_HR              CNN_BiLSTM  0.847967     0.927242     0.805606 548  891 215  43  477121 1863.753906 26903073  295.922027
  3axis_no_HR                 CNN_GRU  0.861520     0.851100     0.867089 503  959 147  88  411201 1606.253906 20298913  259.909005
  3axis_no_HR               CNN_BiGRU  0.860931     0.807107     0.889693 477  984 122 114  769089 3004.253906 21507489  283.227291
  3axis_no_HR                GRU_Only  0.843253     0.796954     0.867993 471  960 146 120   44545  174.003906   115361   93.455539
  3axis_no_HR              BiGRU_Only  0.847967     0.808799     0.868897 478  961 145 113  113473  443.253906   328737   98.679278
  3axis_no_HR                     TCN  0.846788     0.886633     0.825497 524  913 193  67  363329 1419.253906 88996129   88.541112
  3axis_no_HR    MultiScale_SE_BiLSTM  0.857985     0.793570     0.892405 469  987 119 122  443421 1732.113281 21325437   89.814818
3axis_with_HR                CNN_Only  0.859753     0.846024     0.867089 500  959 147  91  227809  889.878906 26007889   90.672448
3axis_with_HR               LSTM_Only  0.849735     0.808799     0.871609 478  964 142 113  147681  576.878906   432721   99.681494
3axis_with_HR CNN_LSTM_Unidirectional  0.849735     0.874788     0.836347 517  925 181  74  324577 1267.878906 26366929   95.383415
3axis_with_HR             Transformer  0.793754     0.686971     0.850814 406  941 165 185    6803   26.574219 18249233   90.059724
3axis_with_HR              CNN_BiLSTM  0.875074     0.864636     0.880651 511  974 132  80  478689 1869.878906 26906193   91.186979
3axis_with_HR                 CNN_GRU  0.866235     0.874788     0.861664 517  953 153  74  412769 1612.378906 20302033   94.252558
3axis_with_HR               CNN_BiGRU  0.872717     0.869712     0.874322 514  967 139  77  770657 3010.378906 21510609   92.806041
3axis_with_HR                GRU_Only  0.837360     0.756345     0.880651 447  974 132 144   46113  180.128906   118481   98.144915
3axis_with_HR              BiGRU_Only  0.862110     0.815567     0.886980 482  981 125 109  115041  449.378906   331857  103.091352
3axis_with_HR                     TCN  0.856217     0.824027     0.873418 487  966 140 104  364897 1425.378906 88999249   92.510955
3axis_with_HR    MultiScale_SE_BiLSTM  0.874484     0.859560     0.882459 508  976 130  83  444989 1738.238281 21328557   92.786026
  6axis_no_HR                CNN_Only  0.894271     0.883051     0.900272 521  993 110  69  228545  892.753906 26594593  104.427040
  6axis_no_HR               LSTM_Only  0.853514     0.808475     0.877607 477  968 135 113  147649  576.753906   435745   98.703837
  6axis_no_HR CNN_LSTM_Unidirectional  0.867690     0.906780     0.846782 535  934 169  55  325313 1270.753906 26953633   88.102813
  6axis_no_HR             Transformer  0.835794     0.796610     0.856754 470  945 158 120    9381   36.644531 19238561   86.763361
  6axis_no_HR              CNN_BiLSTM  0.886592     0.871186     0.894832 514  987 116  76  479425 1872.753906 27492897   89.249647
  6axis_no_HR                 CNN_GRU  0.889545     0.861017     0.904805 508  998 105  82  412929 1613.003906 20741281   89.444907
  6axis_no_HR               CNN_BiGRU  0.875369     0.883051     0.871260 521  961 142  69  770817 3011.003906 21949857   89.769232
  6axis_no_HR                GRU_Only  0.855877     0.855932     0.855848 505  944 159  85   45121  176.253906   117665   94.961817
  6axis_no_HR              BiGRU_Only  0.865328     0.833898     0.882140 492  973 130  98  114625  447.753906   333345   99.423001
  6axis_no_HR                     TCN  0.854696     0.703390     0.935630 415 1032  71 175  364865 1425.253906 89389345   88.857362
  6axis_no_HR    MultiScale_SE_BiLSTM  0.879504     0.903390     0.866727 533  956 147  57  448221 1750.863281 22554237   88.735170
6axis_with_HR                CNN_Only  0.902540     0.850847     0.930190 502 1026  77  88  230113  898.878906 26597713   90.059638
6axis_with_HR               LSTM_Only  0.871825     0.891525     0.861287 526  950 153  64  149217  582.878906   438865  101.652627
6axis_with_HR CNN_LSTM_Unidirectional  0.878913     0.937288     0.847688 553  935 168  37  326881 1276.878906 26956753   91.162305
6axis_with_HR             Transformer  0.831069     0.754237     0.872167 445  962 141 145   10949   42.769531 19241681  111.372392
6axis_with_HR              CNN_BiLSTM  0.878913     0.842373     0.898459 497  991 112  93  480993 1878.878906 27496017   94.001322
6axis_with_HR                 CNN_GRU  0.897815     0.872881     0.911151 515 1005  98  75  414497 1619.128906 20744401   93.232126
6axis_with_HR               CNN_BiGRU  0.876551     0.894915     0.866727 528  956 147  62  772385 3017.128906 21952977   93.609369
6axis_with_HR                GRU_Only  0.875369     0.857627     0.884859 506  976 127  84   46689  182.378906   120785   98.863606
6axis_with_HR              BiGRU_Only  0.864737     0.835593     0.880326 493  971 132  97  116193  453.878906   336465  107.527308
6axis_with_HR                     TCN  0.833432     0.832203     0.834089 491  920 183  99  366433 1431.378906 89392465   93.467624
6axis_with_HR    MultiScale_SE_BiLSTM  0.874778     0.923729     0.848595 545  936 167  45  449789 1756.988281 22557357   93.097775
  9axis_no_HR                CNN_Only  0.944853     0.932056     0.951796 535 1007  51  39  230849  901.753906 27184417   86.255584
  9axis_no_HR               LSTM_Only  0.887255     0.914634     0.872401 525  923 135  49  149185  582.753906   441889   99.053998
  9axis_no_HR CNN_LSTM_Unidirectional  0.939338     0.935540     0.941399 537  996  62  37  327617 1279.753906 27543457   87.708032
  9axis_no_HR             Transformer  0.874387     0.869338     0.877127 499  928 130  75   13527   52.839844 20231009   86.761138
  9axis_no_HR              CNN_BiLSTM  0.942402     0.932056     0.948015 535 1003  55  39  481729 1881.753906 28082721   91.571734
  9axis_no_HR                 CNN_GRU  0.944240     0.935540     0.948960 537 1004  54  37  414657 1619.753906 21183649   90.842540
  9axis_no_HR               CNN_BiGRU  0.914828     0.905923     0.919660 520  973  85  54  772545 3017.753906 22392225   90.931473
  9axis_no_HR                GRU_Only  0.884191     0.905923     0.872401 520  923 135  54   45697  178.503906   119969   95.149052
  9axis_no_HR              BiGRU_Only  0.880515     0.911150     0.863894 523  914 144  51  115777  452.253906   337953  100.671558
  9axis_no_HR                     TCN  0.940564     0.919861     0.951796 528 1007  51  46  366401 1431.253906 89782561   88.060379
  9axis_no_HR    MultiScale_SE_BiLSTM  0.922181     0.918118     0.924386 527  978  80  47  453021 1769.613281 23783037   89.708052
9axis_with_HR                CNN_Only  0.939338     0.933798     0.942344 536  997  61  38  232417  907.878906 27187537  123.356032
9axis_with_HR               LSTM_Only  0.889093     0.930314     0.866730 534  917 141  40  150753  588.878906   445009  103.718886
9axis_with_HR CNN_LSTM_Unidirectional  0.935662     0.914634     0.947070 525 1002  56  49  329185 1285.878906 27546577   93.535516
9axis_with_HR             Transformer  0.883578     0.869338     0.891304 499  943 115  75   15095   58.964844 20234129   91.634958
9axis_with_HR              CNN_BiLSTM  0.943627     0.933798     0.948960 536 1004  54  38  483297 1887.878906 28085841   94.588475
9axis_with_HR                 CNN_GRU  0.939951     0.947735     0.935728 544  990  68  30  416225 1625.878906 21186769   93.891137
9axis_with_HR               CNN_BiGRU  0.924632     0.888502     0.944234 510  999  59  64  774113 3023.878906 22395345   94.474237
9axis_with_HR                GRU_Only  0.882353     0.905923     0.869565 520  920 138  54   47265  184.628906   123089   99.797990
9axis_with_HR              BiGRU_Only  0.916054     0.935540     0.905482 537  958 100  37  117345  458.378906   341073  103.239233
9axis_with_HR                     TCN  0.932598     0.902439     0.948960 518 1004  54  56  367969 1437.378906 89785681   94.310710
9axis_with_HR    MultiScale_SE_BiLSTM  0.944240     0.921603     0.956522 529 1012  46  45  454589 1775.738281 23786157   93.862889
============================================================
